msg_blocks=2
00000000000000000011000100110010
00110011001101000011010100110110
00110111001110000111001001100010
01100000011000100110001001100010
01100100011000100110011011001000
11001010111011001101001011000110
11001010110100101100100001101000
01101010011011000110111001101110
00000000000000001100001011000010
01100001011000010110000101100001
01100001011000010110000101100001
01100001011000010110000101100001
01100001011000010110000101100001
01100001011000010110000101100001
01100001011000010110000101100001
01100001011000010110000101100001
01100001011000010110000101100001
01100001011000010110000101100001
01100001011000010110000101100001
01100001011000010110000101100001
01100001011000010110000101100001
01100001011000010110000101100001
01100001011000010110000110000000
111bb261
277afd65
f0744b24
7cd3e47d
386d7156
3d0ed995
517807d5
ebd4fba3